Name: template
Comment: 
Number_of_Nodes: 26
id_Long_Lat_Demand 
 1 19.433296 -99.168051
 2 19.431386 -99.171695
 3 19.431655 -99.158668
 4 19.442689 -99.152465
 5 19.443467 -99.152491
 6 19.442707 -99.152956
 7 19.442772 -99.153289
 8 19.441062 -99.153164
 9 19.401986 -99.156366
 10 19.401807 -99.15909
 11 19.4015 -99.156406
 12 19.418858 -99.176776
 13 19.426611 -99.14447
 14 19.42018 -99.174393
 15 19.43836 -99.152226
 16 19.432313 -99.161597
 17 19.430992 -99.163593
 18 19.433321 -99.154752
 19 19.428009 -99.169918
 20 19.425468 -99.175166
 21 19.430922 -99.166959
 22 19.42972 -99.169363
 23 19.428309 -99.171713
 24 19.41479 -99.18508
 25 19.4128 -99.1828
 26 19.41249 -99.18875

EOF 
